9.992647767066955566e-01 6.145365769043564796e-04 1.206456508953124285e-04
9.994356036186218262e-01 4.844655049964785576e-04 7.999762601684778929e-05
9.680128693580627441e-01 2.891670539975166321e-02 3.070501144975423813e-03
9.917946457862854004e-01 8.055634796619415283e-03 1.496420154580846429e-04
8.477426171302795410e-01 1.410548537969589233e-01 1.120258308947086334e-02
9.696219563484191895e-01 2.053789049386978149e-02 9.840152226388454437e-03
5.057374835014343262e-01 1.838950663805007935e-01 3.103674650192260742e-01
8.255655765533447266e-01 1.584586501121520996e-01 1.597585529088973999e-02
9.084636569023132324e-01 7.146939635276794434e-02 2.006697840988636017e-02
9.900056719779968262e-01 9.334407746791839600e-03 6.599442567676305771e-04
9.985381364822387695e-01 1.325589022599160671e-03 1.362579350825399160e-04
9.197279810905456543e-01 5.736781656742095947e-02 2.290421165525913239e-02
9.893277287483215332e-01 9.910297580063343048e-03 7.619387470185756683e-04
1.706396602094173431e-02 7.154289484024047852e-01 2.675071358680725098e-01
9.978482723236083984e-01 1.843640638981014490e-04 1.967405434697866440e-03
6.835423111915588379e-01 1.881283074617385864e-01 1.283294260501861572e-01
7.452129721641540527e-01 1.814600825309753418e-01 7.332701981067657471e-02
5.887452960014343262e-01 3.739950656890869141e-01 3.725972771644592285e-02
8.137809634208679199e-01 1.798726022243499756e-01 6.346450652927160263e-03
9.738327264785766602e-01 2.446641959249973297e-02 1.700842636637389660e-03
9.997211098670959473e-01 2.137563860742375255e-04 6.512037361972033978e-05
9.793798923492431641e-01 1.554167456924915314e-02 5.078470800071954727e-03
9.936743974685668945e-01 3.612628672271966934e-03 2.713033230975270271e-03
9.732628464698791504e-01 1.767173036932945251e-02 9.065371938049793243e-03
9.989662170410156250e-01 9.535829303786158562e-04 8.011469617486000061e-05
1.877834647893905640e-01 6.248236298561096191e-01 1.873929500579833984e-01
9.968554973602294922e-01 2.533760620281100273e-03 6.106785731390118599e-04
4.787986576557159424e-01 2.682774066925048828e-01 2.529239058494567871e-01
9.981369972229003906e-01 1.573495566844940186e-03 2.894952776841819286e-04
8.024489283561706543e-01 1.601778864860534668e-01 3.737315908074378967e-02
8.911287188529968262e-01 8.544610440731048584e-02 2.342514134943485260e-02
9.988895058631896973e-01 8.227096404880285263e-04 2.878427621908485889e-04
9.174414873123168945e-01 7.602582871913909912e-02 6.532603874802589417e-03
9.510742425918579102e-01 4.140995442867279053e-02 7.515806704759597778e-03
9.808596372604370117e-01 1.579556427896022797e-02 3.344879252836108208e-03
9.969191551208496094e-01 2.275725593790411949e-03 8.051648619584739208e-04
9.954837560653686523e-01 3.575345268473029137e-03 9.408951736986637115e-04
9.898113012313842773e-01 7.915787398815155029e-03 2.272973302751779556e-03
5.797705054283142090e-01 3.864750266075134277e-01 3.375447168946266174e-02
7.469847202301025391e-01 2.293217629194259644e-01 2.369352057576179504e-02
8.374482989311218262e-01 1.202083230018615723e-01 4.234336316585540771e-02
4.143477678298950195e-01 5.446233153343200684e-01 4.102887585759162903e-02
9.850639104843139648e-01 1.284653972834348679e-02 2.089531859382987022e-03
9.922418594360351562e-01 7.649614475667476654e-03 1.086318370653316379e-04
9.928761720657348633e-01 6.772160530090332031e-03 3.516954311635345221e-04
8.893665075302124023e-01 1.022006049752235413e-01 8.432924747467041016e-03
9.501492977142333984e-01 3.704568743705749512e-02 1.280504558235406876e-02
9.959173798561096191e-01 3.184990724548697472e-03 8.976510725915431976e-04
9.826778769493103027e-01 1.635570637881755829e-02 9.664362878538668156e-04
9.983061552047729492e-01 1.618470065295696259e-03 7.537420606240630150e-05
9.922274351119995117e-01 7.357244845479726791e-03 4.154548514634370804e-04
9.893283247947692871e-01 1.011165790259838104e-02 5.599508294835686684e-04
9.986760020256042480e-01 1.189443282783031464e-03 1.345419586868956685e-04
9.961063265800476074e-01 2.604827983304858208e-03 1.288808416575193405e-03
9.998944997787475586e-01 5.486540612764656544e-05 5.060881812823936343e-05
5.006257295608520508e-01 4.712205827236175537e-01 2.815376594662666321e-02
9.968921542167663574e-01 1.452909549698233604e-03 1.654958003200590611e-03
8.422493934631347656e-01 1.473819762468338013e-01 1.036860607564449310e-02
3.322125375270843506e-01 4.575473368167877197e-01 2.102401107549667358e-01
9.366599917411804199e-01 5.397145077586174011e-02 9.368555620312690735e-03
9.974314570426940918e-01 2.460718154907226562e-03 1.078831191989593208e-04
3.024941384792327881e-01 6.438395977020263672e-01 5.366629734635353088e-02
9.876967072486877441e-01 1.118045672774314880e-02 1.122774905525147915e-03
9.921132326126098633e-01 6.658068858087062836e-03 1.228666631504893303e-03
9.888519644737243652e-01 6.479445379227399826e-03 4.668636713176965714e-03
8.821714520454406738e-01 1.075321435928344727e-01 1.029635593295097351e-02
9.982678890228271484e-01 1.308422652073204517e-03 4.236769163981080055e-04
6.927056908607482910e-01 2.925878167152404785e-01 1.470649335533380508e-02
9.997866749763488770e-01 3.756515434361062944e-05 1.757567370077595115e-04
8.586963415145874023e-01 1.219894066452980042e-01 1.931420527398586273e-02
2.552675455808639526e-02 7.322060465812683105e-01 2.422672361135482788e-01
5.268158316612243652e-01 1.954112052917480469e-01 2.777729630470275879e-01
7.089272141456604004e-01 2.809230387210845947e-01 1.014976203441619873e-02
9.909921884536743164e-01 7.198086474090814590e-03 1.809708192013204098e-03
9.984602928161621094e-01 1.202671322971582413e-03 3.371330094523727894e-04
4.800713956356048584e-01 1.994165927171707153e-01 3.205120265483856201e-01
7.692960500717163086e-01 2.140236198902130127e-01 1.668038964271545410e-02
8.109322786331176758e-01 1.290307343006134033e-01 6.003693863749504089e-02
9.726359844207763672e-01 1.803689822554588318e-02 9.327087551355361938e-03
9.522005915641784668e-01 4.568826779723167419e-02 2.111218869686126709e-03
3.102630972862243652e-01 5.749222636222839355e-01 1.148146316409111023e-01
4.336797297000885010e-01 3.446225449442863464e-02 5.318580269813537598e-01
3.315657377243041992e-01 3.935498371720314026e-02 6.290793418884277344e-01
6.606014370918273926e-01 3.207091093063354492e-01 1.868943683803081512e-02
9.911263585090637207e-01 7.009245455265045166e-03 1.864401740022003651e-03
8.315790891647338867e-01 6.367938220500946045e-02 1.047415584325790405e-01
9.597651958465576172e-01 3.265419229865074158e-02 7.580628618597984314e-03
5.495525002479553223e-01 4.079064428806304932e-01 4.254110157489776611e-02
7.383398413658142090e-01 2.394093275070190430e-01 2.225086279213428497e-02
5.657241344451904297e-01 1.628164649009704590e-01 2.714594304561614990e-01
9.675521254539489746e-01 2.475492097437381744e-02 7.693052757531404495e-03
9.685233235359191895e-01 3.008165583014488220e-02 1.395111787132918835e-03
9.237599968910217285e-01 7.061778008937835693e-02 5.622247233986854553e-03
8.764816522598266602e-01 3.572712466120719910e-02 8.779125660657882690e-02
6.322010159492492676e-01 1.219347398728132248e-02 3.556055724620819092e-01
9.811766743659973145e-01 1.732310093939304352e-02 1.500148209743201733e-03
9.922214150428771973e-01 6.539199966937303543e-03 1.239386969245970249e-03
9.804266691207885742e-01 1.570907980203628540e-02 3.864254569634795189e-03
9.359556436538696289e-01 4.217988252639770508e-02 2.186446636915206909e-02
3.319049254059791565e-03 3.770808875560760498e-01 6.196000576019287109e-01
1.011228375136852264e-02 7.859933972358703613e-01 2.038942575454711914e-01
1.389263719320297241e-01 7.907547354698181152e-01 7.031889259815216064e-02
5.524260923266410828e-02 5.209830999374389648e-01 4.237743020057678223e-01
2.830845769494771957e-03 2.119362205266952515e-01 7.852329015731811523e-01
1.376442232867702842e-04 2.299877703189849854e-01 7.698745727539062500e-01
1.709076241240836680e-05 7.364216446876525879e-02 9.263406991958618164e-01
3.893293673172593117e-03 7.391760945320129395e-01 2.569306492805480957e-01
7.322851102799177170e-03 6.533104181289672852e-01 3.393666148185729980e-01
2.675414318218827248e-03 5.886012911796569824e-01 4.087233543395996094e-01
3.538287281990051270e-01 5.614929795265197754e-01 8.467831462621688843e-02
2.098607420921325684e-01 5.162543058395385742e-01 2.738850116729736328e-01
1.425950995326275006e-05 5.407277494668960571e-02 9.459130167961120605e-01
2.076685614883899689e-02 8.787971138954162598e-01 1.004360318183898926e-01
1.689181808615103364e-04 3.473905324935913086e-01 6.524405479431152344e-01
1.126143243163824081e-02 5.703073740005493164e-01 4.184311330318450928e-01
5.563303083181381226e-02 8.556625247001647949e-01 8.870448917150497437e-02
2.716507762670516968e-03 5.875880122184753418e-01 4.096954762935638428e-01
2.523824274539947510e-01 6.947535872459411621e-01 5.286407098174095154e-02
1.727141789160668850e-04 1.999446004629135132e-01 7.998826503753662109e-01
1.674461551010608673e-02 7.733820080757141113e-01 2.098733782768249512e-01
6.922015547752380371e-01 1.899100542068481445e-01 1.178883314132690430e-01
3.908290993422269821e-03 7.678108811378479004e-01 2.282808721065521240e-01
9.110161662101745605e-02 5.338885188102722168e-01 3.750098645687103271e-01
2.738397743087261915e-04 1.388132423162460327e-01 8.609129190444946289e-01
1.561981253325939178e-02 7.555654644966125488e-01 2.288147658109664917e-01
1.618028269149363041e-03 5.376475453376770020e-01 4.607344865798950195e-01
1.196866203099489212e-02 5.410988926887512207e-01 4.469324350357055664e-01
6.669854745268821716e-03 6.530987620353698730e-01 3.402314186096191406e-01
1.020821146084927022e-04 1.032776013016700745e-01 8.966202735900878906e-01
4.894681274890899658e-02 5.559145808219909668e-01 3.951386213302612305e-01
2.072291448712348938e-03 5.729987621307373047e-01 4.249289035797119141e-01
2.775744767859578133e-03 5.561926960945129395e-01 4.410316646099090576e-01
7.632675766944885254e-02 8.640944957733154297e-01 5.957875400781631470e-02
1.415915973484516144e-02 7.869099974632263184e-01 1.989308595657348633e-01
5.625522462651133537e-04 4.182368218898773193e-01 5.812005996704101562e-01
4.635553956031799316e-01 3.820413053035736084e-01 1.544033139944076538e-01
8.393269963562488556e-04 2.180685997009277344e-01 7.810919880867004395e-01
4.023972153663635254e-01 3.175756633281707764e-01 2.800271511077880859e-01
2.018754639721009880e-05 7.950669527053833008e-02 9.204730987548828125e-01
2.733042696490883827e-03 3.753687143325805664e-01 6.218982934951782227e-01
1.116785407066345215e-01 8.158702254295349121e-01 7.245114445686340332e-02
2.994598471559584141e-04 1.824358850717544556e-01 8.172646760940551758e-01
9.025852195918560028e-03 6.430616378784179688e-01 3.479125201702117920e-01
3.310986608266830444e-02 8.520872592926025391e-01 1.148028671741485596e-01
1.752855023369193077e-04 1.983997970819473267e-01 8.014249801635742188e-01
4.001999739557504654e-03 6.402958631515502930e-01 3.557021319866180420e-01
3.332916181534528732e-03 5.694641470909118652e-01 4.272029399871826172e-01
8.634381927549839020e-03 7.731009721755981445e-01 2.182646095752716064e-01
9.010357409715652466e-02 5.274550914764404297e-01 3.824413716793060303e-01
6.673136260360479355e-03 5.633494257926940918e-01 4.299774467945098877e-01
1.126982346177101135e-01 8.460323810577392578e-01 4.126938059926033020e-02
6.205265410244464874e-03 7.928542494773864746e-01 2.009405195713043213e-01
4.154216032475233078e-03 7.576838135719299316e-01 2.381619215011596680e-01
1.211136206984519958e-02 8.404142260551452637e-01 1.474743932485580444e-01
2.039607847109436989e-03 3.726399242877960205e-01 6.253204941749572754e-01
1.864454150199890137e-02 8.309919834136962891e-01 1.503634303808212280e-01
1.874131411314010620e-01 6.809890866279602051e-01 1.315978020429611206e-01
1.214306103065609932e-03 4.558327198028564453e-01 5.429530143737792969e-01
1.317024677991867065e-01 7.823128700256347656e-01 8.598468452692031860e-02
4.948233440518379211e-02 8.665177226066589355e-01 8.399991691112518311e-02
5.540849640965461731e-03 7.640883922576904297e-01 2.303707301616668701e-01
1.355464220978319645e-03 5.984479784965515137e-01 4.001965224742889404e-01
5.539966002106666565e-02 8.069092631340026855e-01 1.376910954713821411e-01
1.224163025617599487e-01 7.922306656837463379e-01 8.535309135913848877e-02
7.651969790458679199e-02 8.860101103782653809e-01 3.747021406888961792e-02
8.613234758377075195e-02 8.674644231796264648e-01 4.640327021479606628e-02
2.704391628503799438e-02 8.797496557235717773e-01 9.320639073848724365e-02
1.892948895692825317e-02 7.378034591674804688e-01 2.432669848203659058e-01
2.189190359786152840e-03 2.792089879512786865e-01 7.186017632484436035e-01
1.173154218122363091e-03 4.644579589366912842e-01 5.343688726425170898e-01
1.182199222967028618e-03 5.828530788421630859e-01 4.159646928310394287e-01
1.318272785283625126e-03 4.502584934234619141e-01 5.484232902526855469e-01
1.351044978946447372e-02 6.915419101715087891e-01 2.949476540088653564e-01
9.507420063018798828e-01 2.824475243687629700e-02 2.101320773363113403e-02
3.187161311507225037e-02 8.992400169372558594e-01 6.888836622238159180e-02
7.436132873408496380e-04 4.547516703605651855e-01 5.445047616958618164e-01
9.111902676522731781e-03 7.682027220726013184e-01 2.226853966712951660e-01
3.742567449808120728e-02 7.531800866127014160e-01 2.093941867351531982e-01
5.877641215920448303e-02 6.849928498268127441e-01 2.562307119369506836e-01
2.051791379926726222e-04 3.762818872928619385e-01 6.235129237174987793e-01
5.269349813461303711e-01 4.130300879478454590e-01 6.003498658537864685e-02
7.376646157354116440e-03 7.882791161537170410e-01 2.043442428112030029e-01
1.215439406223595142e-03 4.282991588115692139e-01 5.704854130744934082e-01
1.231371387839317322e-01 6.497971415519714355e-01 2.270656973123550415e-01
2.462558448314666748e-02 7.958608269691467285e-01 1.795135736465454102e-01
2.597340345382690430e-01 6.543963551521301270e-01 8.586962521076202393e-02
6.310056778602302074e-04 4.894476830959320068e-01 5.099213123321533203e-01
2.273684181272983551e-02 8.453645110130310059e-01 1.318987011909484863e-01
2.623703330755233765e-03 2.993056476116180420e-01 6.980706453323364258e-01
1.497306860983371735e-02 7.577297687530517578e-01 2.272971421480178833e-01
8.699937909841537476e-02 7.689143419265747070e-01 1.440862417221069336e-01
3.200806444510817528e-03 6.354561448097229004e-01 3.613430857658386230e-01
2.178806252777576447e-02 9.108751416206359863e-01 6.733679026365280151e-02
3.703042864799499512e-03 4.106508195400238037e-01 5.856461524963378906e-01
1.317849308252334595e-01 7.926933765411376953e-01 7.552167773246765137e-02
6.465132901212200522e-05 1.454089134931564331e-01 8.545264005661010742e-01
5.792608484625816345e-03 8.215274810791015625e-01 1.726799756288528442e-01
2.177740484476089478e-01 6.875466108322143555e-01 9.467928856611251831e-02
1.924984455108642578e-01 7.536566853523254395e-01 5.384487658739089966e-02
4.955911263823509216e-02 6.519781947135925293e-01 2.984627783298492432e-01
1.865172642283141613e-03 2.730718851089477539e-01 7.250629663467407227e-01
2.767860860330983996e-05 1.039983332157135010e-01 8.959740400314331055e-01
9.735034836921840906e-06 5.317384749650955200e-02 9.468164443969726562e-01
3.825835010502487421e-04 4.583739340305328369e-01 5.412435531616210938e-01
9.986311793327331543e-01 1.255539595149457455e-03 1.131730023189447820e-04
3.697138279676437378e-02 9.006565809249877930e-01 6.237205490469932556e-02
2.007387411140371114e-05 9.751264750957489014e-02 9.024672508239746094e-01
3.347820602357387543e-04 2.286700010299682617e-01 7.709951996803283691e-01
2.665407664608210325e-04 1.260019242763519287e-01 8.737314939498901367e-01
1.616975532670039684e-05 1.202157959342002869e-01 8.797680735588073730e-01
2.386652886343654245e-05 9.068027138710021973e-02 9.092958569526672363e-01
2.582482738944236189e-05 6.092620268464088440e-02 9.390479922294616699e-01
3.760149866138817742e-06 1.235807035118341446e-02 9.876382350921630859e-01
1.635586668271571398e-04 3.833191096782684326e-02 9.615045785903930664e-01
2.693484537303447723e-03 2.138104736804962158e-01 7.834960222244262695e-01
6.630647817473800387e-07 1.881477981805801392e-02 9.811845421791076660e-01
1.015849411487579346e-04 1.961083114147186279e-01 8.037900924682617188e-01
1.899454332487948705e-06 2.446022257208824158e-02 9.755378365516662598e-01
2.741092430369462818e-05 9.090939909219741821e-02 9.090632200241088867e-01
2.379651050432585180e-06 3.219029307365417480e-02 9.678072929382324219e-01
5.912923734285868704e-05 1.385752111673355103e-01 8.613656163215637207e-01
1.402018591761589050e-03 8.703275769948959351e-02 9.115652441978454590e-01
5.980508867651224136e-04 3.318275511264801025e-01 6.675743460655212402e-01
1.646413467824459076e-02 8.631424903869628906e-01 1.203933507204055786e-01
2.102185535477474332e-04 1.110687330365180969e-01 8.887210488319396973e-01
4.301225708331912756e-04 3.679860010743141174e-02 9.627712965011596680e-01
2.217634953558444977e-02 8.260231018066406250e-01 1.518006175756454468e-01
3.456655249465256929e-04 1.669085025787353516e-01 8.327457904815673828e-01
3.060192975681275129e-04 6.316547840833663940e-02 9.365285634994506836e-01
3.513432806357741356e-03 1.812690794467926025e-01 8.152174353599548340e-01
5.988797784084454179e-05 1.107684746384620667e-01 8.891716599464416504e-01
5.608529136225115508e-06 3.542818129062652588e-02 9.645662307739257812e-01
1.678394619375467300e-04 1.839023977518081665e-01 8.159297704696655273e-01
2.054118085652589798e-03 1.620874851942062378e-01 8.358584046363830566e-01
4.037223391151201213e-07 1.434429083019495010e-02 9.856553077697753906e-01
8.771335706114768982e-05 1.271226853132247925e-01 8.727896213531494141e-01
1.505588181316852570e-03 3.948831856250762939e-01 6.036112904548645020e-01
3.997290605184389278e-06 3.239217028021812439e-02 9.676038622856140137e-01
8.976739627541974187e-05 1.025459989905357361e-01 8.973641991615295410e-01
6.103829480707645416e-03 3.617780655622482300e-02 9.577183127403259277e-01
9.767938536242581904e-06 1.192771196365356445e-01 8.807131052017211914e-01
4.605717185768298805e-05 1.367030143737792969e-01 8.632509112358093262e-01
8.996588439913466573e-05 1.102523505687713623e-01 8.896576762199401855e-01
7.138975206544273533e-07 2.540050772950053215e-03 9.974592328071594238e-01
1.802047190722078085e-04 1.873053461313247681e-01 8.125144243240356445e-01
7.627595914527773857e-04 3.421926125884056091e-02 9.650179743766784668e-01
1.243970124050974846e-03 2.970029115676879883e-01 7.017531394958496094e-01
4.119481218367582187e-07 6.411162205040454865e-03 9.935884475708007812e-01
1.810919493436813354e-03 1.817789673805236816e-01 8.164100646972656250e-01
2.454799414408626035e-06 1.073165889829397202e-02 9.892659187316894531e-01
5.854031071066856384e-03 8.923863768577575684e-01 1.017595902085304260e-01
2.602475251478608698e-05 1.331685297191143036e-02 9.866570830345153809e-01
4.033894278109073639e-03 5.999194979667663574e-01 3.960466980934143066e-01
5.449587013572454453e-03 2.916037142276763916e-01 7.029466629028320312e-01
7.908664883871097118e-06 8.671167492866516113e-02 9.132804870605468750e-01
2.014303021132946014e-02 3.838727772235870361e-01 5.959841609001159668e-01
8.769161067903041840e-03 8.438903689384460449e-01 1.473404169082641602e-01
5.842626251251203939e-06 5.047703534364700317e-02 9.495171308517456055e-01
1.210229238495230675e-04 5.652508139610290527e-02 9.433539509773254395e-01
1.081103619071654975e-05 5.463100224733352661e-02 9.453582167625427246e-01
3.240327259845798835e-07 5.628904793411493301e-03 9.943707585334777832e-01
3.769449904211796820e-05 1.047353893518447876e-01 8.952268958091735840e-01
5.291487923386739567e-06 2.329087629914283752e-02 9.767037630081176758e-01
1.350276397715788335e-05 8.554214239120483398e-02 9.144443869590759277e-01
8.709994726814329624e-04 2.357413917779922485e-01 7.633876204490661621e-01
9.405305172549560666e-05 1.324324309825897217e-01 8.674735426902770996e-01
2.397417119937017560e-06 7.295501418411731720e-03 9.927021265029907227e-01
1.503375460742972791e-05 5.991892144083976746e-02 9.400660395622253418e-01
2.553721424192190170e-05 3.999568894505500793e-02 9.599786996841430664e-01
3.733212281531450571e-07 9.328186511993408203e-03 9.906715154647827148e-01
8.634381927549839020e-03 7.731009721755981445e-01 2.182646095752716064e-01
1.635110947972862050e-06 6.375963799655437469e-03 9.936223626136779785e-01
6.985916988924145699e-04 3.467143177986145020e-01 6.525871157646179199e-01
4.075749529874883592e-06 1.965662650763988495e-02 9.803392291069030762e-01
1.025055814534425735e-02 1.875566840171813965e-01 8.021927475929260254e-01
5.964308511465787888e-04 5.031937360763549805e-01 4.962098002433776855e-01
3.873505815863609314e-02 6.320022344589233398e-01 3.292627036571502686e-01
2.939043042715638876e-05 3.570702672004699707e-02 9.642635583877563477e-01
3.659148216247558594e-01 1.098763570189476013e-01 5.242087841033935547e-01
4.263994924258440733e-04 6.316030025482177734e-02 9.364133477210998535e-01
5.190880894660949707e-01 2.657176554203033447e-01 2.151942402124404907e-01
1.690001954557374120e-05 1.013002917170524597e-01 8.986827731132507324e-01
5.272454473015386611e-06 2.534776553511619568e-02 9.746469855308532715e-01
1.733500312184332870e-06 2.010328881442546844e-02 9.798950552940368652e-01
9.906216291710734367e-07 1.115638390183448792e-02 9.888426065444946289e-01
4.512531310319900513e-02 3.311609625816345215e-01 6.237137317657470703e-01
2.002417147159576416e-01 2.383786290884017944e-01 5.613796114921569824e-01
4.574308150040451437e-07 1.093432027846574783e-02 9.890651702880859375e-01
2.654639538377523422e-04 1.565458476543426514e-01 8.431887030601501465e-01
1.255045062862336636e-04 8.172948658466339111e-02 9.181450009346008301e-01
4.343390173744410276e-06 6.883865594863891602e-02 9.311569929122924805e-01
5.425373674370348454e-04 2.158572971820831299e-01 7.836002111434936523e-01
1.817533047869801521e-04 1.022081673145294189e-01 8.976101279258728027e-01
4.000378339696908370e-06 2.291276305913925171e-02 9.770832061767578125e-01
1.909324084408581257e-03 1.510707736015319824e-01 8.470199108123779297e-01
4.640412589651532471e-05 8.124376833438873291e-02 9.187098145484924316e-01
4.915226018056273460e-04 3.939887881278991699e-01 6.055196523666381836e-01
4.250304641573166009e-07 1.442524138838052750e-02 9.855743646621704102e-01
1.734594115987420082e-03 4.132631719112396240e-01 5.850022435188293457e-01
2.603229222586378455e-05 3.689605370163917542e-02 9.630779027938842773e-01
